<?xml version="1.0"?> <opencv_storage>
<images>
"3D_L0478.JPG"
"3D_L0479.JPG"
"3D_L0480.JPG"
"3D_L0484.JPG"
"3D_L0485.JPG"
"3D_L0486.JPG"
"3D_L0487.JPG"
"3D_L0488.JPG"
"3D_L0489.JPG"
"3D_L0490.JPG"
"3D_L0491.JPG"
"3D_L0492.JPG"
"3D_L0493.JPG"
"3D_L0494.JPG"
"3D_L0495.JPG"
"3D_L0496.JPG"
"3D_L0497.JPG"
"3D_L0498.JPG"
"3D_L0499.JPG"
"3D_L0500.JPG"
"3D_L0501.JPG"
"3D_L0502.JPG"
"3D_L0503.JPG"
"3D_L0504.JPG"
</images>
</opencv_storage>
