<?xml version="1.0"?>
<opencv_storage>
<calibration_time>"Mit 27 Jul 2016 17:32:47 CEST"</calibration_time>
<nr_of_frames>21</nr_of_frames>
<image_width>1000</image_width>
<image_height>750</image_height>
<board_width>15</board_width>
<board_height>9</board_height>
<square_size>26.</square_size>
<fix_aspect_ratio>1.</fix_aspect_ratio>
<!-- flags: +fix_skew +fix_k2 +fix_k3 +fix_k4 +recompute_extrinsic -->
<flags>234</flags>
<fisheye_model>1</fisheye_model>
<camera_matrix type_id="opencv-matrix">
  <rows>3</rows>
  <cols>3</cols>
  <dt>d</dt>
  <data>
    3.1830988618379070e+02 0. 4.9950000000000000e+02 0.
    3.1830988618379070e+02 3.7450000000000000e+02 0. 0. 1.</data></camera_matrix>
<distortion_coefficients type_id="opencv-matrix">
  <rows>4</rows>
  <cols>1</cols>
  <dt>d</dt>
  <data>
    0. 0. 0. 0.</data></distortion_coefficients>
<avg_reprojection_error>1.9000031161411704e+02</avg_reprojection_error>
<image_points type_id="opencv-matrix">
  <rows>21</rows>
  <cols>135</cols>
  <dt>"2f"</dt>
  <data>
    9.55602570e+01 2.16632095e+02 1.33288300e+02 2.07034760e+02
    1.77134506e+02 1.97014694e+02 2.27979782e+02 1.86913132e+02
    2.86638824e+02 1.77368103e+02 3.52694611e+02 1.69239670e+02
    4.25454498e+02 1.63387512e+02 5.01671356e+02 1.60561615e+02
    5.78485413e+02 1.61512451e+02 6.52087524e+02 1.65501190e+02
    7.19709839e+02 1.72201904e+02 7.80248474e+02 1.80524414e+02
    8.32929077e+02 1.89663452e+02 8.78564880e+02 1.99192902e+02
    9.17773193e+02 2.08609634e+02 9.98373184e+01 2.73340668e+02
    1.37173920e+02 2.67030548e+02 1.80554779e+02 2.60392548e+02
    2.30889221e+02 2.53700073e+02 2.89018433e+02 2.47317932e+02
    3.54548615e+02 2.41739899e+02 4.26597900e+02 2.37619431e+02
    5.02527985e+02 2.35737381e+02 5.78699463e+02 2.36435699e+02
    6.51739929e+02 2.39071854e+02 7.18823242e+02 2.43390671e+02
    7.78533020e+02 2.48938675e+02 8.30734314e+02 2.54871429e+02
    8.75790100e+02 2.61071045e+02 9.14563293e+02 2.67317657e+02
    1.07020981e+02 3.29135895e+02 1.44127655e+02 3.26199860e+02
    1.87084869e+02 3.23102325e+02 2.36729950e+02 3.19848694e+02
    2.93897675e+02 3.16752716e+02 3.58294769e+02 3.14237427e+02
    4.28867767e+02 3.12289948e+02 5.03240387e+02 3.11270508e+02
    5.77701294e+02 3.11404053e+02 6.49224304e+02 3.12455780e+02
    7.14879761e+02 3.14363342e+02 7.73579285e+02 3.16668549e+02
    8.24980347e+02 3.19437317e+02 8.69510315e+02 3.22217590e+02
    9.08003113e+02 3.25074188e+02 1.16940948e+02 3.83029083e+02
    1.53816284e+02 3.83341736e+02 1.96396271e+02 3.83402924e+02
    2.45296021e+02 3.83517059e+02 3.01228455e+02 3.83484344e+02
    3.63668732e+02 3.83487274e+02 4.32008026e+02 3.83411499e+02
    5.03578491e+02 3.83315155e+02 5.75499756e+02 3.82865356e+02
    6.44500610e+02 3.82556549e+02 7.08348328e+02 3.82295319e+02
    7.65578186e+02 3.81766510e+02 8.16101013e+02 3.81457184e+02
    8.60115662e+02 3.81128723e+02 8.98416626e+02 3.80723267e+02
    1.29036224e+02 4.34109100e+02 1.65711700e+02 4.37074219e+02
    2.07781357e+02 4.39959808e+02 2.55745743e+02 4.42704102e+02
    3.10121979e+02 4.45369598e+02 3.70388489e+02 4.47444519e+02
    4.35672729e+02 4.48762512e+02 5.03770996e+02 4.49338440e+02
    5.72338684e+02 4.48724243e+02 6.38288574e+02 4.47383972e+02
    6.99645752e+02 4.45215698e+02 7.55268311e+02 4.42530548e+02
    8.04684814e+02 4.39548004e+02 8.48223511e+02 4.36527893e+02
    8.86239075e+02 4.33637512e+02 1.42621872e+02 4.81443512e+02
    1.79238892e+02 4.86453125e+02 2.20668274e+02 4.91505920e+02
    2.67542419e+02 4.96346313e+02 3.20065826e+02 5.00649231e+02
    3.77652100e+02 5.04290131e+02 4.39627502e+02 5.06598572e+02
    5.03999176e+02 5.07585297e+02 5.68556641e+02 5.06837585e+02
    6.31129517e+02 5.04676544e+02 6.89770020e+02 5.01372528e+02
    7.43466064e+02 4.97115601e+02 7.91671814e+02 4.92356293e+02
    8.34518860e+02 4.87336182e+02 8.72343079e+02 4.82320801e+02
    1.57292130e+02 5.24578308e+02 1.93504456e+02 5.31313477e+02
    2.34311157e+02 5.37698975e+02 2.79738861e+02 5.43911987e+02
    3.30324677e+02 5.49449524e+02 3.85165680e+02 5.53837463e+02
    4.43591217e+02 5.56894470e+02 5.04076935e+02 5.58239197e+02
    5.64649780e+02 5.57441101e+02 6.23649597e+02 5.54838745e+02
    6.79454468e+02 5.50819336e+02 7.31029175e+02 5.45575378e+02
    7.77798096e+02 5.39639771e+02 8.19828796e+02 5.33277405e+02
    8.57356323e+02 5.26751099e+02 1.72353928e+02 5.63735107e+02
    2.08130798e+02 5.71442688e+02 2.47941284e+02 5.78899475e+02
    2.92017761e+02 5.85787659e+02 3.40421204e+02 5.91944702e+02
    3.92421448e+02 5.96876404e+02 4.47424042e+02 6.00242981e+02
    5.04036896e+02 6.01529724e+02 5.60806091e+02 6.00767273e+02
    6.16328979e+02 5.98239197e+02 6.69217041e+02 5.93861694e+02
    7.18471252e+02 5.88283569e+02 7.63721313e+02 5.81581238e+02
    8.04836304e+02 5.74382812e+02 8.41794556e+02 5.66912109e+02
    1.87306229e+02 5.98767944e+02 2.22527618e+02 6.07130127e+02
    2.61364471e+02 6.14983765e+02 3.03815826e+02 6.22385010e+02
    3.50018890e+02 6.28659058e+02 3.99263489e+02 6.33726624e+02
    4.50975800e+02 6.37177917e+02 5.03936218e+02 6.38554626e+02
    5.57113159e+02 6.37916504e+02 6.09300781e+02 6.35383850e+02
    6.59297668e+02 6.31013000e+02 7.06346375e+02 6.25305969e+02
    7.49974976e+02 6.18391968e+02 7.89927429e+02 6.10747803e+02
    8.26352539e+02 6.02840332e+02 2.04939224e+02 1.66423615e+02
    2.23032578e+02 1.62432846e+02 2.43642181e+02 1.58281433e+02
    2.67535400e+02 1.53700653e+02 2.95253265e+02 1.48973862e+02
    3.27435608e+02 1.44237167e+02 3.65194946e+02 1.39529724e+02
    4.09148926e+02 1.35363312e+02 4.60439941e+02 1.32295731e+02
    5.19417297e+02 1.30567612e+02 5.85982239e+02 1.31654190e+02
    6.58759277e+02 1.36387711e+02 7.35569031e+02 1.45047073e+02
    8.13041504e+02 1.57947815e+02 8.87729858e+02 1.74786850e+02
    2.04779282e+02 2.03552216e+02 2.22583984e+02 2.01856201e+02
    2.42899338e+02 2.00055756e+02 2.66393677e+02 1.98344650e+02
    2.93507355e+02 1.96575623e+02 3.25160156e+02 1.95189667e+02
    3.62113708e+02 1.93958115e+02 4.05358704e+02 1.93589539e+02
    4.55622131e+02 1.94539337e+02 5.13566467e+02 1.97068146e+02
    5.79109985e+02 2.01936707e+02 6.50626343e+02 2.10028351e+02
    7.26114929e+02 2.21318939e+02 8.02182800e+02 2.35689194e+02
    8.75558533e+02 2.52978638e+02 2.05767426e+02 2.40436142e+02
    2.23379166e+02 2.40806747e+02 2.43400131e+02 2.41575958e+02
    2.66408112e+02 2.42515732e+02 2.93041382e+02 2.43795349e+02
    3.24001648e+02 2.45648300e+02 3.60297729e+02 2.48217758e+02
    4.02401398e+02 2.51711334e+02 4.51407013e+02 2.56610901e+02
    5.07663239e+02 2.63260162e+02 5.71238220e+02 2.71923218e+02
    6.40490723e+02 2.83143127e+02 7.13489075e+02 2.96597626e+02
    7.86958923e+02 3.12163483e+02 8.58195435e+02 3.29307281e+02
    2.07757843e+02 2.76527496e+02 2.25180237e+02 2.79257996e+02
    2.44940201e+02 2.82283356e+02 2.67583771e+02 2.85806427e+02
    2.93792114e+02 2.89982483e+02 3.24291229e+02 2.94983185e+02
    3.59522644e+02 3.00905060e+02 4.00472809e+02 3.08079987e+02
    4.47842926e+02 3.16636627e+02 5.02048279e+02 3.26833466e+02
    5.62826660e+02 3.38854889e+02 6.28978516e+02 3.52724976e+02
    6.98514465e+02 3.67988953e+02 7.68610413e+02 3.84198975e+02
    8.36858643e+02 4.00803223e+02 2.10744324e+02 3.11834259e+02
    2.27968628e+02 3.16510498e+02 2.47594391e+02 3.21751343e+02
    2.70030182e+02 3.27660217e+02 2.95779724e+02 3.34480713e+02
    3.25499573e+02 3.42316681e+02 3.59917816e+02 3.51238922e+02
    3.99529999e+02 3.61448608e+02 4.45200928e+02 3.73209869e+02
    4.96799866e+02 3.86343658e+02 5.54416443e+02 4.00935242e+02
    6.16781494e+02 4.16718719e+02 6.82289001e+02 4.33166748e+02
    7.48467712e+02 4.49556732e+02 8.13236633e+02 4.65702423e+02
    2.14540619e+02 3.45756439e+02 2.31701706e+02 3.52282898e+02
    2.51273666e+02 3.59401398e+02 2.73413879e+02 3.67469391e+02
    2.98756653e+02 3.76459198e+02 3.27814453e+02 3.86579681e+02
    3.61394684e+02 3.98014557e+02 3.99553772e+02 4.10659271e+02
