<?xml version="1.0"?>
<opencv_storage>
<calibration_time>"Wed Feb  1 11:23:51 2017"</calibration_time>
<nr_of_frames>22</nr_of_frames>
<image_width>1000</image_width>
<image_height>750</image_height>
<board_width>15</board_width>
<board_height>9</board_height>
<square_size>26.</square_size>
<fix_aspect_ratio>1.</fix_aspect_ratio>
<!-- flags: +fix_skew +recompute_extrinsic -->
<flags>10</flags>
<fisheye_model>1</fisheye_model>
<camera_matrix type_id="opencv-matrix">
  <rows>3</rows>
  <cols>3</cols>
  <dt>d</dt>
  <data>
    4.3739885623588623e+02 0. 4.9333633876399404e+02 0.
    4.3604683260037081e+02 3.7887574965429280e+02 0. 0. 1.</data></camera_matrix>
<distortion_coefficients type_id="opencv-matrix">
  <rows>4</rows>
  <cols>1</cols>
  <dt>d</dt>
  <data>
    3.6042706451505348e-02 4.8249154626042470e-02
    -4.1071414482824344e-02 1.1805360966658523e-02</data></distortion_coefficients>
<avg_reprojection_error>1.1748722368590214e+00</avg_reprojection_error>
<image_points type_id="opencv-matrix">
  <rows>22</rows>
  <cols>135</cols>
  <dt>"2f"</dt>
  <data>
    9.55786362e+01 2.16633133e+02 1.33282669e+02 2.07024139e+02
    1.77146133e+02 1.97012039e+02 2.27982834e+02 1.86914825e+02
    2.86635376e+02 1.77350800e+02 3.52690521e+02 1.69240509e+02
    4.25440918e+02 1.63375290e+02 5.01670105e+02 1.60563522e+02
    5.78506409e+02 1.61527725e+02 6.52084900e+02 1.65505936e+02
    7.19709106e+02 1.72205582e+02 7.80247192e+02 1.80532806e+02
    8.32935364e+02 1.89666275e+02 8.78561035e+02 1.99199799e+02
    9.17774719e+02 2.08615494e+02 9.98350296e+01 2.73334412e+02
    1.37179718e+02 2.67050171e+02 1.80554565e+02 2.60391266e+02
    2.30884369e+02 2.53713898e+02 2.89024506e+02 2.47306625e+02
    3.54547882e+02 2.41746948e+02 4.26610443e+02 2.37635880e+02
    5.02542114e+02 2.35735931e+02 5.78710510e+02 2.36439407e+02
    6.51739624e+02 2.39086105e+02 7.18822998e+02 2.43395355e+02
    7.78548279e+02 2.48917847e+02 8.30734680e+02 2.54865906e+02
    8.75780884e+02 2.61078583e+02 9.14577759e+02 2.67311615e+02
    1.07063965e+02 3.29146484e+02 1.44138153e+02 3.26202606e+02
    1.87116287e+02 3.23105164e+02 2.36730698e+02 3.19843964e+02
    2.93897491e+02 3.16762878e+02 3.58293091e+02 3.14228668e+02
    4.28863312e+02 3.12293671e+02 5.03238586e+02 3.11270599e+02
    5.77703491e+02 3.11416595e+02 6.49221191e+02 3.12476807e+02
    7.14875183e+02 3.14360931e+02 7.73593384e+02 3.16673676e+02
    8.24978210e+02 3.19415771e+02 8.69497681e+02 3.22215515e+02
    9.07994568e+02 3.25086853e+02 1.16944313e+02 3.83013702e+02
    1.53813736e+02 3.83330383e+02 1.96392548e+02 3.83414856e+02
    2.45294006e+02 3.83505737e+02 3.01227386e+02 3.83481689e+02
    3.63678741e+02 3.83514160e+02 4.31990875e+02 3.83419525e+02
    5.03578644e+02 3.83314117e+02 5.75496277e+02 3.82863037e+02
    6.44517944e+02 3.82551483e+02 7.08334534e+02 3.82290558e+02
    7.65595093e+02 3.81768036e+02 8.16086182e+02 3.81459381e+02
    8.60126404e+02 3.81132263e+02 8.98414551e+02 3.80719360e+02
    1.29040649e+02 4.34135590e+02 1.65711365e+02 4.37089050e+02
    2.07781830e+02 4.39979034e+02 2.55745819e+02 4.42703857e+02
    3.10144165e+02 4.45362823e+02 3.70379211e+02 4.47460175e+02
    4.35669189e+02 4.48760803e+02 5.03774170e+02 4.49348694e+02
    5.72343384e+02 4.48722412e+02 6.38283569e+02 4.47392578e+02
    6.99649414e+02 4.45215454e+02 7.55264893e+02 4.42536224e+02
    8.04685547e+02 4.39548492e+02 8.48221558e+02 4.36527740e+02
    8.86234192e+02 4.33653564e+02 1.42622391e+02 4.81420532e+02
    1.79240829e+02 4.86458191e+02 2.20666870e+02 4.91486389e+02
    2.67544159e+02 4.96349304e+02 3.20081360e+02 5.00661011e+02
    3.77653198e+02 5.04287140e+02 4.39631073e+02 5.06613098e+02
    5.03987549e+02 5.07585571e+02 5.68556335e+02 5.06834717e+02
    6.31130188e+02 5.04671814e+02 6.89770813e+02 5.01371826e+02
    7.43460327e+02 4.97145020e+02 7.91684326e+02 4.92349945e+02
    8.34506226e+02 4.87340637e+02 8.72340942e+02 4.82335114e+02
    1.57290909e+02 5.24577576e+02 1.93512070e+02 5.31312988e+02
    2.34309891e+02 5.37699341e+02 2.79737396e+02 5.43910950e+02
    3.30316498e+02 5.49447693e+02 3.85179016e+02 5.53834229e+02
    4.43593445e+02 5.56891785e+02 5.04066162e+02 5.58238708e+02
    5.64653564e+02 5.57453857e+02 6.23648804e+02 5.54829163e+02
    6.79462158e+02 5.50811462e+02 7.31025574e+02 5.45590393e+02
    7.77798523e+02 5.39633972e+02 8.19829651e+02 5.33276550e+02
    8.57343323e+02 5.26752747e+02 1.72354233e+02 5.63735046e+02
    2.08112488e+02 5.71440430e+02 2.47966400e+02 5.78850403e+02
    2.92023987e+02 5.85787109e+02 3.40415985e+02 5.91928101e+02
    3.92420959e+02 5.96851501e+02 4.47419342e+02 6.00242432e+02
    5.04040344e+02 6.01558960e+02 5.60805054e+02 6.00769348e+02
    6.16323914e+02 5.98234009e+02 6.69224121e+02 5.93866516e+02
    7.18471252e+02 5.88282654e+02 7.63722595e+02 5.81579102e+02
    8.04838928e+02 5.74376160e+02 8.41799805e+02 5.66894775e+02
    1.87307022e+02 5.98767395e+02 2.22532684e+02 6.07122742e+02
    2.61356659e+02 6.14983154e+02 3.03813751e+02 6.22388550e+02
    3.50015289e+02 6.28672485e+02 3.99267059e+02 6.33722778e+02
    4.50984344e+02 6.37176514e+02 5.03940491e+02 6.38544922e+02
    5.57137695e+02 6.37915405e+02 6.09304077e+02 6.35376587e+02
    6.59289551e+02 6.30985901e+02 7.06344543e+02 6.25307373e+02
    7.49990540e+02 6.18382080e+02 7.89917297e+02 6.10744202e+02
    8.26347229e+02 6.02826538e+02 2.04937271e+02 1.66411301e+02
    2.23048340e+02 1.62438660e+02 2.43641693e+02 1.58278564e+02
    2.67533752e+02 1.53704102e+02 2.95249939e+02 1.48982086e+02
    3.27429474e+02 1.44243896e+02 3.65195038e+02 1.39546524e+02
    4.09170776e+02 1.35361038e+02 4.60437744e+02 1.32288300e+02
    5.19411804e+02 1.30578339e+02 5.85939880e+02 1.31652740e+02
    6.58757324e+02 1.36385773e+02 7.35574768e+02 1.45070160e+02
    8.13047058e+02 1.57966614e+02 8.87726562e+02 1.74791031e+02
    2.04780075e+02 2.03559708e+02 2.22573624e+02 2.01850616e+02
    2.42905731e+02 2.00099884e+02 2.66391571e+02 1.98348236e+02
    2.93496643e+02 1.96574127e+02 3.25161896e+02 1.95190079e+02
    3.62116608e+02 1.93962799e+02 4.05354553e+02 1.93611832e+02
    4.55632355e+02 1.94528458e+02 5.13557556e+02 1.97093185e+02
    5.79089722e+02 2.01956573e+02 6.50623352e+02 2.10052841e+02
    7.26137695e+02 2.21307587e+02 8.02199280e+02 2.35690842e+02
    8.75554871e+02 2.52979736e+02 2.05762863e+02 2.40428970e+02
    2.23375900e+02 2.40803513e+02 2.43402618e+02 2.41576630e+02
    2.66399567e+02 2.42498474e+02 2.93051697e+02 2.43789047e+02
    3.24013641e+02 2.45663742e+02 3.60295807e+02 2.48228806e+02
    4.02405762e+02 2.51712387e+02 4.51413757e+02 2.56605652e+02
    5.07670990e+02 2.63255157e+02 5.71242188e+02 2.71911377e+02
    6.40486938e+02 2.83166077e+02 7.13487183e+02 2.96608826e+02
    7.86937378e+02 3.12182983e+02 8.58187073e+02 3.29312775e+02
    2.07761322e+02 2.76525085e+02 2.25184494e+02 2.79257874e+02
    2.44938324e+02 2.82279541e+02 2.67586578e+02 2.85806824e+02
    2.93791321e+02 2.89986511e+02 3.24289856e+02 2.94966278e+02
    3.59528290e+02 3.00904785e+02 4.00472137e+02 3.08097076e+02
    4.47828644e+02 3.16650391e+02 5.02068939e+02 3.26829803e+02
    5.62825989e+02 3.38847137e+02 6.28978271e+02 3.52728180e+02
    6.98506653e+02 3.67984406e+02 7.68618713e+02 3.84205444e+02
    8.36865540e+02 4.00786957e+02 2.10746902e+02 3.11829132e+02
    2.27980164e+02 3.16500549e+02 2.47603073e+02 3.21752716e+02
    2.70050232e+02 3.27667084e+02 2.95779358e+02 3.34495270e+02
    3.25520508e+02 3.42318817e+02 3.59903503e+02 3.51241455e+02
    3.99549622e+02 3.61474304e+02 4.45198120e+02 3.73215576e+02
    4.96799164e+02 3.86336304e+02 5.54403748e+02 4.00930420e+02
    6.16779053e+02 4.16718170e+02 6.82288025e+02 4.33173737e+02
    7.48463379e+02 4.49565247e+02 8.13235291e+02 4.65702454e+02
    2.14531586e+02 3.45752472e+02 2.31704514e+02 3.52283264e+02
    2.51270828e+02 3.59392975e+02 2.73408356e+02 3.67469025e+02
    2.98756561e+02 3.76462616e+02 3.27816589e+02 3.86585175e+02
